T21 = [0.993 0.115 0; -0.115 0.993 0; 0 0 1]*[0.894 0 -0.446; 0 1 0; 0.446 0 0.894]*[1 0 0; 0 0.58 -0.80; 0 0.80 0.58];

T10 = [0 0 -1; -1 0 0; 0 1 0];
T20 = T10*T21;
T30 = [0 0 -1; 1 0 0; 0 -1 0];
T40 = [0 1 0; 1 0 0; 0 0 -1];
T50 = [0 1 0; -1 0 0; 0 0 1];
T60 = [0 0 1; -1 0 0; 0 -1 0];


Ib1 = [0.00329 0 0; 0 0.00329 0; 0 0 0.00628];
Ib4 = Ib1;
Ib2 = [0.00329 0 0; 0 0.00628 0; 0 0 0.00329];
Ib3 = Ib2;
Ib5 = Ib2;
Ib6 = [0.00117 0 0; 0 0.00117 0; 0 0 0.00223];

I1 = T10.'*Ib1*T10;
I2 = T20.'*Ib2*T20;
I3 = T30.'*Ib3*T30;
I4 = T40.'*Ib4*T40;
I5 = T50.'*Ib5*T50;
I6 = T60.'*Ib6*T60;